45
0 1 1
1 2 1
1 3 1
0 4 1
4 5 1
0 6 1
5 7 1
4 8 1
6 9 1
5 10 1
5 11 1
1 12 1
5 13 1
1 14 1
12 15 1
8 16 1
8 17 1
13 18 1
10 19 1
5 20 1
8 21 1
9 22 1
2 23 1
17 24 1
22 25 1
2 26 1
12 27 1
22 28 1
23 29 1
23 30 1
2 31 1
1 32 1
0 33 1
11 34 1
22 35 1
25 36 1
25 37 1
3 38 1
8 39 1
12 40 1
8 41 1
12 42 1
14 43 1
30 44 1
7 26 0
9 33 0
10 8 0
13 40 0
14 35 0
15 19 0
15 27 0
16 36 0
17 5 0
20 2 0
20 37 0
21 7 0
21 38 0
24 32 0
25 12 0
27 26 0
30 21 0
31 10 0
33 21 0
33 37 0
35 19 0
37 40 0
38 25 0
39 18 0
41 1 0
41 19 0
43 18 0
43 27 0
44 8 0
