45
0 1 1
0 2 1
0 3 1
2 4 1
3 5 1
3 6 1
3 7 1
2 8 1
0 9 1
3 10 1
0 11 1
5 12 1
10 13 1
3 14 1
7 15 1
2 16 1
0 17 1
1 18 1
15 19 1
11 20 1
19 21 1
9 22 1
16 23 1
9 24 1
5 25 1
3 26 1
2 27 1
17 28 1
15 29 1
29 30 1
26 31 1
1 32 1
12 33 1
22 34 1
2 35 1
25 36 1
13 37 1
35 38 1
17 39 1
35 40 1
31 41 1
12 42 1
2 43 1
5 44 1
1 35 0
1 43 0
7 17 0
11 31 0
12 40 0
13 26 0
15 24 0
15 25 0
15 32 0
17 27 0
17 31 0
18 4 0
19 16 0
19 23 0
22 14 0
24 20 0
24 26 0
24 27 0
25 39 0
26 33 0
26 42 0
31 34 0
33 18 0
35 20 0
36 12 0
37 12 0
38 15 0
39 23 0
