50
0 1 1
0 2 1
0 3 1
0 4 1
0 5 1
0 6 1
5 7 1
5 8 1
0 9 1
1 10 1
2 11 1
3 12 1
8 13 1
6 14 1
14 15 1
9 16 1
10 17 1
1 18 1
6 19 1
2 20 1
11 21 1
20 22 1
9 23 1
5 24 1
5 25 1
21 26 1
18 27 1
16 28 1
18 29 1
8 30 1
2 31 1
31 32 1
13 33 1
15 34 1
23 35 1
16 36 1
5 37 1
19 38 1
25 39 1
14 40 1
29 41 1
5 42 1
11 43 1
38 44 1
11 45 1
8 46 1
8 47 1
43 48 1
30 49 1
1 15 0
4 7 0
6 24 0
6 46 0
7 12 0
12 5 0
12 48 0
14 24 0
15 31 0
16 29 0
17 6 0
18 30 0
21 36 0
22 45 0
23 27 0
25 43 0
26 18 0
26 25 0
26 39 0
26 40 0
28 39 0
31 13 0
31 42 0
32 22 0
34 42 0
35 36 0
36 8 0
36 35 0
37 31 0
38 42 0
41 16 0
42 43 0
46 13 0
46 26 0
46 48 0
