50
0 1 1
1 2 1
1 3 1
3 4 1
3 5 1
3 6 1
4 7 1
0 8 1
0 9 1
3 10 1
5 11 1
7 12 1
2 13 1
13 14 1
12 15 1
2 16 1
2 17 1
9 18 1
0 19 1
4 20 1
17 21 1
19 22 1
3 23 1
6 24 1
3 25 1
12 26 1
19 27 1
16 28 1
22 29 1
14 30 1
3 31 1
13 32 1
0 33 1
13 34 1
29 35 1
14 36 1
26 37 1
4 38 1
22 39 1
36 40 1
20 41 1
27 42 1
25 43 1
0 44 1
20 45 1
4 46 1
36 47 1
25 48 1
46 49 1
4 36 0
5 18 0
9 27 0
12 47 0
15 43 0
18 3 0
23 10 0
26 22 0
27 7 0
31 22 0
33 1 0
38 10 0
39 33 0
41 17 0
43 18 0
44 6 0
45 10 0
45 32 0
46 44 0
