15
0 1 1
0 2 1
0 3 1
1 4 1
4 5 1
2 6 1
3 7 1
4 8 1
3 9 1
8 10 1
9 11 1
1 12 1
8 13 1
11 14 1
1 3 0
1 6 0
1 9 0
1 14 0
2 12 0
2 13 0
3 2 0
3 5 0
3 6 0
3 10 0
3 13 0
4 7 0
4 9 0
4 11 0
4 12 0
5 7 0
5 8 0
5 10 0
5 12 0
5 14 0
6 5 0
6 7 0
6 11 0
7 1 0
7 2 0
7 4 0
7 5 0
7 6 0
7 8 0
7 14 0
8 3 0
8 6 0
8 7 0
8 9 0
8 11 0
8 12 0
9 1 0
9 7 0
9 8 0
9 10 0
10 6 0
10 7 0
10 11 0
11 1 0
11 4 0
11 5 0
11 7 0
11 12 0
12 2 0
12 3 0
12 5 0
12 8 0
12 11 0
12 13 0
12 14 0
13 5 0
13 6 0
13 11 0
14 2 0
14 5 0
14 7 0
14 8 0
